$ANSIBLE_VAULT;1.1;AES256
31663330353364613731383234666337393531383736336261636166343566346532346664386535
3638363731343263323030656364356236363431356137300a626662663837393765336337623164
33393361646233633363363336373230343535313262303335383362336536636664356639373461
6635616338376134350a376630393061353037396362326132636131656638373966356237633936
30386235336536363032363633366535616230626335363033636237323134643361633039383135
64646231616538316235646366633461396131313830376137363961663764373665393033346161
39653331373966646661656236653362656137396231393736343433326432656430346164353334
64313333643430343434313161646662323264316134303862353638643832363535623631333639
36383331393863333061303365616337363261343032643665656434393134306162306266663336
38396537316533353738326131366439333238653961653837653162323433396330313565623965
37383461353831356130356630373737363863626638383463373739366265643437373361363737
34633162383663663164653037356338326462323030373433663836636230356465393664396333
33363766303535383432393432373439366336386136313662613031346338373564386461326430
6163396661313139663261303961356534663561393032636363
