$ANSIBLE_VAULT;1.1;AES256
36346465346633376635356431363161613063336562636538656665356463323037383662376230
3733616639373232316466646330343432656135616165310a353833343735333662366665336535
61323565323239646162333736323332393537336230376138336437303963313930366634623062
6234366436653964350a386161353336663635313835653437666130356435623461663165616364
35313434613239656161623733333937616664333737336664363466336432633530373539303139
36313932353566346161653535346364303639383963643230613332646638393036613634396532
35643463323433316633366163636138373539363864386635633931346161333637663336616537
61333162313139333661356666323738623031396566623038633736643830343836303936323362
31623039643538343830313636643662306438646461336130643035613463333866346636303237
65383635346134343431333463333638393539373862323663386638386430666665323231343062
33356134626433366338303333393461303363376165636264386236616332396262326134386237
38373163656264643736333731366162363065666432646566663239393663386261646435666234
31656662333439333434666565653363653133363364383764666537396535393935376164323163
3265313233636338353862663238383632323435663833303330
